Egyptian_mask_vox12 3 27306 27306 4864 1.0 0.0 27.75464057922363 23.17593383789063 0.0 0.0 0.0 0.0 
Egyptian_mask_vox12 4 27306 27306 11744 2.0 0.0 34.43682861328125 29.70710563659668 0.0 0.0 0.0 0.0 
Egyptian_mask_vox12 5 27306 27306 27840 3.0 0.0 40.60836029052734 36.11606597900391 0.0 0.0 0.0 0.0 
Egyptian_mask_vox12 6 27306 27306 61304 4.0 1.0 46.81824111938477 42.27082061767578 0.0 0.0 0.0 0.0 
Egyptian_mask_vox12 7 27306 27306 120304 5.0 1.0 52.91631317138672 48.25659561157227 0.0 0.0 0.0 0.0 
Egyptian_mask_vox12 8 27306 27306 195264 5.0 2.0 58.94052124023438 54.28970718383789 0.0 0.0 0.0 0.0 
Egyptian_mask_vox12 9 27306 27306 276688 5.0 5.0 65.00171661376953 60.32408905029297 0.0 0.0 0.0 0.0 
Egyptian_mask_vox12 10 27306 27306 357544 5.0 2.0 71.01838684082031 66.52497863769531 0.0 0.0 0.0 0.0 
Egyptian_mask_vox12 11 27306 27306 439368 5.0 2.0 77.07081604003906 72.36605834960938 0.0 0.0 0.0 0.0 
Egyptian_mask_vox12 12 27306 27306 522488 5.0 2.0 83.09636688232422 78.50322723388672 0.0 0.0 0.0 0.0 
Egyptian_mask_vox12 13 27306 27306 603848 5.0 2.0 89.10194396972656 84.4468002319336 0.0 0.0 0.0 0.0 
