Livox_02_all_1mm-0386 0 40439600 40439600 898440480 31196.0 5486.0 inf inf 0.0 0.0 0.0 inf 
Livox_02_all_1mm-0386 1 40439600 40439600 2219064 14654.0 1497.0 -15.439580620155045 -17.886377777777774 0.0 0.0 0.0 55.783668733850206 
Livox_02_all_1mm-0386 2 40439600 40439600 2751816 14954.0 1525.0 -4.319205625736431 -8.721629819121455 0.0 0.0 0.0 64.55195038759686 
Livox_02_all_1mm-0386 3 40439600 40439600 4399624 15000.0 1544.0 2.5624509680129197 -1.5480748678552982 0.0 0.0 0.0 67.19935142118865 
Livox_02_all_1mm-0386 4 40439600 40439600 7752904 15004.0 1614.0 9.54948390180878 4.178403229974158 0.0 0.0 0.0 67.9971677002584 
Livox_02_all_1mm-0386 5 40439600 40439600 14984936 15271.0 1783.0 15.350984237726086 10.082683385012906 0.0 0.0 0.0 68.7323258397932 
Livox_02_all_1mm-0386 6 40439600 40439600 29915592 16001.0 2075.0 21.160200516795868 16.01587416020672 0.0 0.0 0.0 69.33969586563308 
Livox_02_all_1mm-0386 7 40439600 40439600 51116000 16972.0 2500.0 26.77398320413436 22.0611912144703 0.0 0.0 0.0 70.36010206718343 
Livox_02_all_1mm-0386 8 40439600 40439600 81326320 17377.0 2994.0 32.408626873384996 28.10298552971574 0.0 0.0 0.0 70.92571782945735 
Livox_02_all_1mm-0386 9 40439600 40439600 121394408 19587.0 3550.0 38.73584366925064 34.14254211886304 0.0 0.0 0.0 72.30825684754517 
Livox_02_all_1mm-0386 10 40439600 40439600 172624184 21599.0 4130.0 44.73067958656334 40.16343410852718 0.0 0.0 0.0 74.11697390180878 
Livox_02_all_1mm-0386 11 40439600 40439600 232578224 23213.0 4614.0 50.785571576227426 46.18460697674419 0.0 0.0 0.0 76.6446049095607 
Livox_02_all_1mm-0386 12 40439600 40439600 299759640 24586.0 4977.0 56.872302067183426 52.20834883720928 0.0 0.0 0.0 79.96286744186045 
Livox_02_all_1mm-0386 13 40439600 40439600 372725032 25793.0 5234.0 62.88691317829457 58.2272788113695 0.0 0.0 0.0 84.01670155038757 
Livox_02_all_1mm-0386 14 40439600 40439600 450777904 26853.0 5396.0 68.90563204134365 64.2474124031008 0.0 0.0 0.0 89.03943720930232 
Livox_02_all_1mm-0386 15 40439600 40439600 533037800 27706.0 5494.0 74.92597881136956 70.2679671834625 0.0 0.0 0.0 95.12863591731269 
Livox_02_all_1mm-0386 16 40439600 40439600 618422168 28533.0 5583.0 80.94736692506463 76.28827622739014 0.0 0.0 0.0 102.80957131782944 
Livox_02_all_1mm-0386 17 40439600 40439600 705467296 29251.0 5650.0 86.96675943152451 82.30038527131784 0.0 0.0 0.0 112.79799483204138 
Livox_02_all_1mm-0386 18 40439600 40439600 792709408 29953.0 5673.0 92.98729483204133 88.30867390180876 0.0 0.0 0.0 inf 
Livox_02_all_1mm-0386 19 40439600 40439600 879811912 30664.0 5663.0 99.0036811369509 94.25496304909558 0.0 0.0 0.0 inf 
Livox_02_all_1mm-0386 20 40439600 40439600 966792680 31364.0 5673.0 105.0105581395348 100.16962506459944 0.0 0.0 0.0 inf 
