Ford_02_1mm-0699 0 59935680 59935680 1574971752 43231.0 9095.0 inf inf 0.0 0.0 0.0 inf 
Ford_02_1mm-0699 1 59935680 59935680 6127448 21872.0 2395.0 -8.169461616666661 -9.418544166666663 0.0 0.0 0.0 55.82794083333326 
Ford_02_1mm-0699 2 59935680 59935680 8251680 21768.0 2407.0 2.3780573935500016 -0.3788998965499998 0.0 0.0 0.0 60.9205375 
Ford_02_1mm-0699 3 59935680 59935680 13914672 21793.0 2503.0 10.62877848333333 6.724686200000001 0.0 0.0 0.0 62.75714766666674 
Ford_02_1mm-0699 4 59935680 59935680 29774488 23042.0 2746.0 16.347859166666648 12.445106500000005 0.0 0.0 0.0 63.98859483333329 
Ford_02_1mm-0699 5 59935680 59935680 48357664 23620.0 3151.0 23.354929333333352 18.665248 0.0 0.0 0.0 65.00337233333342 
Ford_02_1mm-0699 6 59935680 59935680 87584720 25089.0 3988.0 29.378487833333324 24.733683166666683 0.0 0.0 0.0 66.41351833333327 
Ford_02_1mm-0699 7 59935680 59935680 144926296 26575.0 5047.0 35.48015883333334 30.80827116666665 0.0 0.0 0.0 67.49209433333338 
Ford_02_1mm-0699 8 59935680 59935680 222775952 27610.0 6216.0 41.513284666666706 36.85710616666663 0.0 0.0 0.0 68.87239766666661 
Ford_02_1mm-0699 9 59935680 59935680 319862632 30880.0 7354.0 47.557893166666645 42.895357000000004 0.0 0.0 0.0 70.8905888333333 
Ford_02_1mm-0699 10 59935680 59935680 434083120 33492.0 8137.0 53.58244850000003 48.92246799999998 0.0 0.0 0.0 74.09875399999994 
Ford_02_1mm-0699 11 59935680 59935680 562392856 35509.0 8610.0 59.61305383333334 54.94456650000002 0.0 0.0 0.0 78.22551133333326 
Ford_02_1mm-0699 12 59935680 59935680 701720128 36986.0 8827.0 65.63150033333325 60.97002700000001 0.0 0.0 0.0 83.37982966666678 
Ford_02_1mm-0699 13 59935680 59935680 848821808 38266.0 8907.0 71.6512688333333 66.99216299999996 0.0 0.0 0.0 89.92945466666663 
Ford_02_1mm-0699 14 59935680 59935680 999898160 39300.0 8904.0 77.67561983333326 73.015482 0.0 0.0 0.0 98.5477608333333 
Ford_02_1mm-0699 15 59935680 59935680 1152450512 40373.0 8979.0 83.69358416666671 79.03298899999999 0.0 0.0 0.0 105.0464346666667 
Ford_02_1mm-0699 16 59935680 59935680 1305515184 41434.0 9065.0 89.71668033333334 85.05182933333334 0.0 0.0 0.0 109.01241166666678 
Ford_02_1mm-0699 17 59935680 59935680 1459760312 42613.0 9237.0 95.73777283333328 91.06262050000001 0.0 0.0 0.0 113.48987833333332 
Ford_02_1mm-0699 18 59935680 59935680 1615836336 43762.0 9413.0 101.75736833333323 97.05789983333328 0.0 0.0 0.0 inf 
Ford_02_1mm-0699 19 59935680 59935680 1772921912 44871.0 9619.0 107.76937833333336 103.00174666666668 0.0 0.0 0.0 inf 
Ford_02_1mm-0699 20 59935680 59935680 1929871408 45934.0 9755.0 113.76085166666667 108.80475666666665 0.0 0.0 0.0 inf 
