dancer_vox11_00000064 0 166028718 166028718 2501741432 188271.0 37927.0 inf inf inf inf inf 0.0 
dancer_vox11_00000064 1 166028718 166028718 67027976 124147.0 9961.0 12.355071874999997 9.16365359375 14.085221874999998 31.8082671875 32.045225 0.0 
dancer_vox11_00000064 2 166028718 166028718 117908800 134387.0 11169.0 21.79345156249999 17.538150000000005 14.460412500000002 36.5081 36.616451562499996 0.0 
dancer_vox11_00000064 3 166028718 166028718 178075256 139300.0 12572.0 28.88308281249999 24.163429687499995 16.361642187500003 38.11878593750001 37.37343281249999 0.0 
dancer_vox11_00000064 4 166028718 166028718 268828536 141161.0 14487.0 35.33814375 30.673762499999995 18.461810937499994 39.935139062500006 39.32113593750001 0.0 
dancer_vox11_00000064 5 166028718 166028718 401815752 149210.0 17733.0 41.711129687500005 36.979993750000006 21.227454687499996 41.4438515625 41.409151562500014 0.0 
dancer_vox11_00000064 6 166028718 166028718 592822896 152495.0 21873.0 47.87445468750001 43.14009687499998 23.923874999999992 42.727165625 43.51870937500001 0.0 
dancer_vox11_00000064 7 166028718 166028718 848147752 151345.0 26047.0 53.9595484375 49.22735312499999 26.977915624999994 43.92199062499999 45.853346875 0.0 
dancer_vox11_00000064 8 166028718 166028718 1172375720 150433.0 30935.0 60.01540000000001 55.30225156250003 30.607807812500003 45.20016874999999 48.367546875 0.0 
dancer_vox11_00000064 9 166028718 166028718 1571717072 167966.0 35456.0 66.0537484375 61.3287359375 34.68202812500001 46.7398375 50.707504687500006 0.0 
dancer_vox11_00000064 10 166028718 166028718 2055063624 182605.0 38556.0 72.083190625 67.36034843750002 39.332975 49.29096875000001 53.430951562500006 0.0 
dancer_vox11_00000064 11 166028718 166028718 2590948352 191410.0 38431.0 78.10570625 73.37950624999999 inf inf inf 0.0 
dancer_vox11_00000064 12 166028718 166028718 3127181224 199765.0 37639.0 84.13192343750002 79.407359375 inf inf inf 0.0 
