basketball_player_vox11_00000064 0 186907991 186907991 2778686672 215404.0 43200.0 inf inf inf inf inf 0.0 
basketball_player_vox11_00000064 1 186907991 186907991 69984128 145724.0 11105.0 12.567185937500001 9.16774828125 13.1498425 34.31685937499999 34.1629234375 0.0 
basketball_player_vox11_00000064 2 186907991 186907991 121149704 151881.0 12417.0 21.117237499999998 16.745845312500006 15.2920890625 36.0901578125 36.28694375000001 0.0 
basketball_player_vox11_00000064 3 186907991 186907991 175877328 156509.0 13612.0 28.483512499999996 23.819137499999997 17.01197968750001 37.601020312500005 37.445845312500005 0.0 
basketball_player_vox11_00000064 4 186907991 186907991 272124040 163902.0 15727.0 35.1117953125 30.3911015625 19.5059515625 39.66713750000001 39.91901250000002 0.0 
basketball_player_vox11_00000064 5 186907991 186907991 417485640 166372.0 18943.0 41.3784953125 36.69581093749999 22.293440625 41.43197968749999 42.16461875000001 0.0 
basketball_player_vox11_00000064 6 186907991 186907991 623746408 167786.0 23335.0 47.59293125000001 42.855837500000014 24.892017187499995 42.7092359375 44.45152499999999 0.0 
basketball_player_vox11_00000064 7 186907991 186907991 903648936 169994.0 28769.0 53.6758640625 48.94446406250001 27.917109374999992 43.65819218750001 46.54649843749999 0.0 
basketball_player_vox11_00000064 8 186907991 186907991 1262520304 170857.0 34528.0 59.73431093749999 55.00465937499998 31.423793750000005 44.67717187500001 48.698260937499995 0.0 
basketball_player_vox11_00000064 9 186907991 186907991 1707341576 190419.0 39863.0 65.7717640625 61.05736718750001 35.234443750000004 45.940657812500014 50.778212500000016 0.0 
basketball_player_vox11_00000064 10 186907991 186907991 2247296032 206219.0 43421.0 71.8020578125 67.06874843749999 39.63653437500001 48.22018125000001 53.28325000000002 0.0 
basketball_player_vox11_00000064 11 186907991 186907991 2848919960 216381.0 43532.0 77.82557187500001 73.11895468750002 inf inf inf 0.0 
basketball_player_vox11_00000064 12 186907991 186907991 3448359360 225534.0 42421.0 83.84724531250002 79.1290609375 inf inf inf 0.0 
basketball_player_vox11_00000064 13 186907991 186907991 4032285440 233696.0 41753.0 89.87141562499998 85.13834062499998 inf inf inf 0.0 
basketball_player_vox11_00000064 14 186907991 186907991 4600843096 242246.0 41683.0 95.89321718750003 91.16933437500002 inf inf inf 0.0 
basketball_player_vox11_00000064 15 186907991 186907991 5161335584 253783.0 41740.0 101.91201562500002 97.17490312500003 inf inf inf 0.0 
basketball_player_vox11_00000064 16 186907991 186907991 5719233504 263282.0 41953.0 107.924828125 103.19006249999998 inf inf inf 0.0 
basketball_player_vox11_00000064 17 186907991 186907991 6276526176 274219.0 42082.0 113.95534375000003 109.20781249999996 inf inf inf 0.0 
basketball_player_vox11_00000064 18 186907991 186907991 6833696576 284579.0 42125.0 119.96965625000003 115.210046875 inf inf inf 0.0 
basketball_player_vox11_00000064 19 186907991 186907991 7390912656 295614.0 42165.0 125.98892187500002 121.09443750000003 inf inf inf 0.0 
basketball_player_vox11_00000064 20 186907991 186907991 7948121384 306357.0 42299.0 131.97918750000002 126.91387499999999 inf inf inf 0.0 
