Ford_03_1mm-0699 0 59948032 59948032 1639973104 42943.0 9135.0 inf inf 0.0 0.0 0.0 inf 
Ford_03_1mm-0699 1 59948032 59948032 5956176 22269.0 2393.0 -8.218525033333332 -9.281897216666664 0.0 0.0 0.0 56.49844266666668 
Ford_03_1mm-0699 2 59948032 59948032 7626632 21976.0 2403.0 2.7683874781166664 0.03960860881666662 0.0 0.0 0.0 63.433254666666656 
Ford_03_1mm-0699 3 59948032 59948032 12719208 21984.0 2599.0 11.336470133333336 7.136781916666661 0.0 0.0 0.0 65.45196600000008 
Ford_03_1mm-0699 4 59948032 59948032 25730760 23036.0 2865.0 16.852955999999995 12.825765166666665 0.0 0.0 0.0 66.91040150000009 
Ford_03_1mm-0699 5 59948032 59948032 45585072 24144.0 3334.0 23.55323566666666 18.991662833333326 0.0 0.0 0.0 67.8556711666667 
Ford_03_1mm-0699 6 59948032 59948032 81404368 25449.0 4005.0 29.71190483333333 25.077371666666647 0.0 0.0 0.0 69.03486400000003 
Ford_03_1mm-0699 7 59948032 59948032 139396600 27137.0 5174.0 35.83849016666668 31.155964166666692 0.0 0.0 0.0 70.06931249999992 
Ford_03_1mm-0699 8 59948032 59948032 223330320 28582.0 6605.0 41.87507366666669 37.207196999999944 0.0 0.0 0.0 71.25320500000001 
Ford_03_1mm-0699 9 59948032 59948032 331252504 31811.0 7769.0 47.90709800000002 43.24512966666665 0.0 0.0 0.0 72.91493516666665 
Ford_03_1mm-0699 10 59948032 59948032 456581648 34162.0 8447.0 53.937500500000006 49.274787666666676 0.0 0.0 0.0 75.66082216666668 
Ford_03_1mm-0699 11 59948032 59948032 594836808 35926.0 8822.0 59.96077499999992 55.2987663333333 0.0 0.0 0.0 79.42489583333334 
Ford_03_1mm-0699 12 59948032 59948032 742287296 37284.0 8940.0 65.98689549999997 61.32106066666678 0.0 0.0 0.0 85.10624083333326 
Ford_03_1mm-0699 13 59948032 59948032 895940488 38435.0 9074.0 72.00613183333337 67.34425100000003 0.0 0.0 0.0 92.2592516666667 
Ford_03_1mm-0699 14 59948032 59948032 1052714880 39447.0 9115.0 78.02878 73.36367650000014 0.0 0.0 0.0 101.71075633333339 
Ford_03_1mm-0699 15 59948032 59948032 1210817816 40435.0 9195.0 84.04777983333335 79.38420916666662 0.0 0.0 0.0 108.1080566666667 
Ford_03_1mm-0699 16 59948032 59948032 1369446912 41502.0 9284.0 90.07084683333343 85.40109866666671 0.0 0.0 0.0 112.2382950000001 
Ford_03_1mm-0699 17 59948032 59948032 1529070728 42091.0 9058.0 96.09144250000001 91.4181318333332 0.0 0.0 0.0 116.39521833333323 
Ford_03_1mm-0699 18 59948032 59948032 1690257528 43087.0 9236.0 102.1086883333333 97.41035250000002 0.0 0.0 0.0 inf 
Ford_03_1mm-0699 19 59948032 59948032 1852197600 44053.0 9380.0 108.12362666666662 103.35315333333337 0.0 0.0 0.0 inf 
Ford_03_1mm-0699 20 59948032 59948032 2014022624 45105.0 9509.0 114.11760166666677 109.185465 0.0 0.0 0.0 inf 
