model_vox11_00000064 0 163936020 163936020 2442943856 190945.0 37712.0 inf inf inf inf inf 0.0 
model_vox11_00000064 1 163936020 163936020 81040704 129811.0 10880.0 14.510520312499997 10.868790624999997 11.297228124999998 36.98119843750001 37.235004687500016 0.0 
model_vox11_00000064 2 163936020 163936020 149604440 137016.0 12052.0 21.0134875 17.1803140625 14.723929687499995 37.431895312500004 37.26652812500001 0.0 
model_vox11_00000064 3 163936020 163936020 199250064 132436.0 12870.0 29.05394218749999 24.439239062499993 16.382221875000006 37.435568749999995 36.046756249999994 0.0 
model_vox11_00000064 4 163936020 163936020 299777488 141079.0 14747.0 35.62885625 30.999993750000005 18.395251562499997 38.83860156249999 38.22650312499999 0.0 
model_vox11_00000064 5 163936020 163936020 439340888 150086.0 18324.0 41.98929218749999 37.306057812499986 20.365715624999993 39.925132812499996 39.440646875 0.0 
model_vox11_00000064 6 163936020 163936020 625461048 150036.0 21301.0 48.193974999999995 43.463609375000026 22.747710937499996 41.00408593750001 41.23102187499999 0.0 
model_vox11_00000064 7 163936020 163936020 863681000 149395.0 25208.0 54.278723437500005 49.547820312500015 25.631942187500005 42.124296875 43.558703125 0.0 
model_vox11_00000064 8 163936020 163936020 1165431728 148990.0 29700.0 60.3391296875 55.616649999999964 28.997460937500005 43.388192187499996 46.16756093749999 0.0 
model_vox11_00000064 9 163936020 163936020 1547158768 165869.0 34329.0 66.3766953125 61.64210781249998 32.7237625 44.964832812500006 48.92213281250001 0.0 
model_vox11_00000064 10 163936020 163936020 2025121944 179728.0 37767.0 72.40817968750002 67.68551249999999 37.0734828125 47.691090624999994 52.23124375 0.0 
model_vox11_00000064 11 163936020 163936020 2559301280 189065.0 37780.0 78.4347125 73.72209999999998 inf inf inf 0.0 
model_vox11_00000064 12 163936020 163936020 3090135480 196638.0 36842.0 84.47749531249997 79.88422499999999 inf inf inf 0.0 
